TGCGCCAGCAGCCTTGGGTACAGGGGCCTAAACACTGAAGCTTTCTTT	CASSLGYRGLNTEAFF	TRBV4-3	TRBJ1-1
TGTGCCACCAGTGATGAGGACAGGGGCAATCAGCCCCAGCATTTT	CATSDEDRGNQPQHF	TRBV24-1	TRBJ1-5
TGCGCCAGCAGCTTGGGGAGGGCCCCAGAGACCCAGTACTTC	CASSLGRAPETQYF	TRBV5-1	TRBJ2-5
TGTGCCAGCAGTTTCCTTGGGGGCTACTGCACCGGGGAGCTGTTTTTT	CASSFLGGYCTGELFF	TRBV27	TRBJ2-2
TGTGCCAGCAGTGACTCGTCCCCAGGGCTACTGCGCACAGATACGCAGTATTTT	CASSDSSPGLLRTDTQYF	TRBV6-4	TRBJ2-3
TGTGCCAGCAGCTTAACGGTTCTGGTGGGACAGGGGCATTCACCCCTCCACTTT	CASSLTVLVGQGHSPLHF	TRBV7-3	TRBJ1-6
TGTGCCAGCAGCCCCGGGGGGTACGGGGAGCTGTTTTTT	CASSPGGYGELFF	TRBV9	TRBJ2-2
TGCGCCAGCAGCCCCCTTGGAGGACAGGGGGACACTGAAGCTTTCTTT	CASSPLGGQGDTEAFF	TRBV5-1	TRBJ1-1
TGTGCCAGCAGTAATCGACGGTCCGGGGAGCTGTTTTTT	CASSNRRSGELFF	TRBV6-2	TRBJ2-2
TGTGCCATGAGCAGAAACAATGAGCAGTTCTTC	CAMSRNNEQFF	TRBV6-4	TRBJ2-1
TGTGCCAGCAGCGTCGGACAGGGCCCAGCCTCCTACGAGCAGTACTTC	CASSVGQGPASYEQYF	TRBV12-4	TRBJ2-7
TGTGCCAGCAGCGAAAGGGGTAACTACGAGCAGTACTTC	CASSERGNYEQYF	TRBV11-3	TRBJ2-7
TGTGCCAGCAGTTTATCCCGGGTGACAGGGGGGCACTACAATGAGCAGTTCTTC	CASSLSRVTGGHYNEQFF	TRBV27	TRBJ2-1
TGTGCTAGTGGGGGGGTGGCGCGGGCCTACGAGCAGTACTTC	CASGGVARAYEQYF	TRBV12-5	TRBJ2-7
TGTGCCAGCAGCGACGGGGAAGAGTTGGATAGCAATCAGCCCCAGCATTTT	CASSDGEELDSNQPQHF	TRBV11-3	TRBJ1-5
TGCAGTGCTTTTTCCAGCGTGCTGTACTTC	CSAFSSVLYF	TRBV20-1	TRBJ2-7
TGTGCCAGCAGTGGGTCGGGACTACTCCATACTAGCACAGATACGCAGTATTTT	CASSGSGLLHTSTDTQYF	TRBV6-8	TRBJ2-3
TGTGCCAGCTCACCAGTTCAGTCGGGGTGGGACGAGCAGTACTTC	CASSPVQSGWDEQYF	TRBV18	TRBJ2-7
TGTGCCAGCAGTTCCGCAGGTGACAATCAGCCCCAGCATTTT	CASSSAGDNQPQHF	TRBV6-9	TRBJ1-5
TGTGCCTGGTACCCAGGGGGGCAAGAGACCCAGTACTTC	CAWYPGGQETQYF	TRBV30	TRBJ2-5
TGTGCCAGCAGTGATATGAGATTCGGGACAGGGACAGAGACCCAGTACTTC	CASSDMRFGTGTETQYF	TRBV25-1	TRBJ2-5
TGTGCCACCTGGGGACCGTACCCTGAAAAACTGTTTTTT	CATWGPYPEKLFF	TRBV15	TRBJ1-4
TGTGCCACCCGGGGAGGGTGGACCCAGTACTTC	CATRGGWTQYF	TRBV24-1	TRBJ2-5
TGTGCCAGCAGCTTGAGGGGGGCCGGCCACCAAGAGACCCAGTACTTC	CASSLRGAGHQETQYF	TRBV7-2	TRBJ2-5
TGTGCCAGCAGCTCTCGGGGCAGTTCGCGCACCCATCAGCCCCAGCATTTT	CASSSRGSSRTHQPQHF	TRBV13	TRBJ1-5
TGCGCCAGCACCCAACGACTGGGTAGCAATCAGCCCCAGCATTTT	CASTQRLGSNQPQHF	TRBV5-1	TRBJ1-5
TGTGCCAGCAGTGATTGCGGGTTTGCCCCCTACGAGCAGTACTTC	CASSDCGFAPYEQYF	TRBV6-4	TRBJ2-7
TGTGCCAGCAGTTCCGGGACAGGGGTGGCCGGGCCCCAGCATTTT	CASSSGTGVAGPQHF	TRBV12-3	TRBJ1-5
TGTGCCATCAGTGGGGGCCCTGGGGCCAACGTCCTGACTTTC	CAISGGPGANVLTF	TRBV10-3	TRBJ2-6
TGTGCCGGTAGCTCCTTCGTAATTCTTGAAGCTTTCTTT	CAGSSFVILEAFF	TRBV30	TRBJ1-1
TGTGCCCAGGGCACTAAAAACATTCAGTACTTC	CAQGTKNIQYF	TRBV6-5	TRBJ2-4
TGTGCCAGCCGTGTTCCAGGGCCCCGTTCTGGAAACACCATATATTTT	CASRVPGPRSGNTIYF	TRBV6-1	TRBJ1-3
TGTGCCACCAGAAAGTTGGGAACCACAGGCCCAAAGAGGGACACTGAAGCTTTCTTT	CATRKLGTTGPKRDTEAFF	TRBV24-1	TRBJ1-1
TGCAGTGCTGGACGGCTCGAACCGGGACAGGGCGGCACAGATACGCAGTATTTT	CSAGRLEPGQGGTDTQYF	TRBV20-1	TRBJ2-3
TGTGCCAGCTCACCCCCGGTCACTCGGGGTTGGTACCTACAGCCCCAGCATTTT	CASSPPVTRGWYLQPQHF	TRBV18	TRBJ1-5
TGCGCCAGCAGCTTGGTTACAGGGGGCTCCAAGGAAACCGTGCAGTACTTC	CASSLVTGGSKETVQYF	TRBV5-1	TRBJ2-7
TGTGCCAGCAGCTCAAACCAGGGGGCGCTCAGGACCTACGAGCAGTACTTC	CASSSNQGALRTYEQYF	TRBV5-5	TRBJ2-7
TGTGCCAGCAGCTTTAGGACTAGGGCCTACGAGCAGTACTTC	CASSFRTRAYEQYF	TRBV5-4	TRBJ2-7
TGTGCCAGCAGCCGAGCAGTATCAAAGGACTCTGGGGCCAACGTCCTGACTTTC	CASSRAVSKDSGANVLTF	TRBV9	TRBJ2-6
TGTGCCAGCAGCTTGACTAGCTATGGTACTAGCACAGATACGCAGTATTTT	CASSLTSYGTSTDTQYF	TRBV5-6	TRBJ2-3
TGTGCCAGCAGCGCAGACCCGGGACAGCACGGCGACTATGGCTACACCTTC	CASSADPGQHGDYGYTF	TRBV5-6	TRBJ1-2
TGTGCCAGTGGAAAGAAAGCCGGGGCTGAGCAGTTCTTC	CASGKKAGAEQFF	TRBV19	TRBJ2-1
TGTGCCAGCATCGCCGAAGATAGCAATCAGCCCCAGCATTTT	CASIAEDSNQPQHF	TRBV28	TRBJ1-5
TGCAGCGTTGCCGGGACTAGCGGCTTCTACGAGCAGTACTTC	CSVAGTSGFYEQYF	TRBV29-1	TRBJ2-7
TGTGCCAGCAGCGTGGGAGAATTCCCCGGGATACCTGAGCAGTTCTTC	CASSVGEFPGIPEQFF	TRBV9	TRBJ2-1
TGTGCCAGGACCTGGAGCGGTGACATTTACGAGCAGTACTTC	CARTWSGDIYEQYF	TRBV19	TRBJ2-7
TGTGCCAGCAGCTGTCACCCGGACAGGGACAATGAGCAGTTCTTC	CASSCHPDRDNEQFF	TRBV11-3	TRBJ2-1
TGTGCCAGCAGCCTCTACCCGGGGGGAGGAGATACGCAGTATTTT	CASSLYPGGGDTQYF	TRBV3-1	TRBJ2-3
TGTGCCAGCAGTTTGCGCCTCGCTAGCGGGAAGAACACCGGGGAGCTGTTTTTT	CASSLRLASGKNTGELFF	TRBV28	TRBJ2-2
TGCGCCAGCAGCCAAGATTTCCCGGGGAGCCGCGGGAGCTTTTCCACTAATGAAAAACTGTTTTTT	CASSQDFPGSRGSFSTNEKLFF	TRBV4-3	TRBJ1-4
TGTGCCAGCAGTTTAATGGGCAAATGTGATCAGCCCCAGCATTTT	CASSLMGKCDQPQHF	TRBV28	TRBJ1-5
TGTGCCAGCAGCTTGGCTAAGGACAGGACTTGCCTAACGGACACTGAAGCTTTCTTT	CASSLAKDRTCLTDTEAFF	TRBV5-6	TRBJ1-1
TGTGCCAGCAGCTCCCTGGGGGGGTACGAGCAGTACTTC	CASSSLGGYEQYF	TRBV11-2	TRBJ2-7
TGTGCCAGCAGCCCCCGGTCGACAGACGGTCGGAATCAGCCCCAGCATTTT	CASSPRSTDGRNQPQHF	TRBV5-6	TRBJ1-5
TGTGCCAGCAGTGATTCGGGGGGCGGAAACACCATATATTTT	CASSDSGGGNTIYF	TRBV6-4	TRBJ1-3
TGCAGTGCTAGACCCACCGGGACACCCCGCAATTCAGCCTACGAGCAGTACTTC	CSARPTGTPRNSAYEQYF	TRBV20-1	TRBJ2-7
TGTGCCAGTAGTATGAACAGGGGGACCCAGGAGGACACTGAAGCTTTCTTT	CASSMNRGTQEDTEAFF	TRBV19	TRBJ1-1
TGTGCCAGCAGCGAGGGGGGAGGGGAGGTCACAGATACGCAGTATTTT	CASSEGGGEVTDTQYF	TRBV7-9	TRBJ2-3
TGTGCCAGCAGCGTAAATGGGGACAGGACCGTTAGCAATCAGCCCCAGCATTTT	CASSVNGDRTVSNQPQHF	TRBV13	TRBJ1-5
TGCGCCAGCAGTGAGTCGCAGGCGCCAGGGCCCGGTCTCGACTTTGGCGCTCAGCCCCAGCATTTT	CASSESQAPGPGLDFGAQPQHF	TRBV10-1	TRBJ1-5
TGCAGCGTACCCGGCGGCAATCAGCCCCAGCATTTT	CSVPGGNQPQHF	TRBV29-1	TRBJ1-5
TGTGCCAGCAGACCCGAACTTTTTAATGAAAAACTGTTTTTT	CASRPELFNEKLFF	TRBV28	TRBJ1-4
TGCAGGGGGGATAATGAAAAACTGTTTTTT	CRGDNEKLFF	TRBV19	TRBJ1-4
TGTGCCAGTAGACTCCGGAGGGGGGCCCTGGAATACGAGCAGTACTTC	CASRLRRGALEYEQYF	TRBV19	TRBJ2-7
TGTGCCAGCAGCGGGACAGGGGGTTCCAGGTACAATGAGCAGTTCTTC	CASSGTGGSRYNEQFF	TRBV5-5	TRBJ2-1
TGTGCCAGCAGCTTAGCCTTGTCAGTGGGTGAGCAGTTCTTC	CASSLALSVGEQFF	TRBV7-7	TRBJ2-1
TGTGCCAGCAGTTGGACAGGGGCCGATTCACCCCTCCACTTT	CASSWTGADSPLHF	TRBV6-2	TRBJ1-6
TGTGCCATCAGGAAGAGGGACCCCGAGTCCTACGAGCAGTACTTC	CAIRKRDPESYEQYF	TRBV10-3	TRBJ2-7
TGTGCCAGCAGTTATACCGCACGGGGACAGATGGCATTCTTC	CASSYTARGQMAFF	TRBV6-5	TRBJ2-1
TGTGCCAGCAGCGCCTTTCCGGACAGGGGCGGAACCGGCAATGAGCAGTTCTTC	CASSAFPDRGGTGNEQFF	TRBV9	TRBJ2-1
TGTGCGCGACGGGACTATAACTATGGCTACACCTTC	CARRDYNYGYTF	TRBV7-6	TRBJ1-2
TGTGCCAGCAGCTTGGACTCCGGGACAGGGCCATCCCAAGAGACCCAGTACTTC	CASSLDSGTGPSQETQYF	TRBV11-2	TRBJ2-5
TGTGCCAGCAGTGACAAAACCCCAGGATATGGCTACACCTTC	CASSDKTPGYGYTF	TRBV2	TRBJ1-2
TGTGCCAGCAGCCAAGACGCAACTAGTCGGGAGACCCAGTACTTC	CASSQDATSRETQYF	TRBV3-1	TRBJ2-5
TGCAGTGCTAGCCACAGGGGGTCCTCTGGAAACACCATATATTTT	CSASHRGSSGNTIYF	TRBV20-1	TRBJ1-3
TGTGCCAGCAGCAGCCGGGGATGGACAGATACGCAGTATTTT	CASSSRGWTDTQYF	TRBV7-9	TRBJ2-3
TGTGCCAGCAGTGCGGGGGGGGGAACCGGTTACGAGCAGTACTTC	CASSAGGGTGYEQYF	TRBV6-4	TRBJ2-7
TGTGCCAGCAGCGTGGGGCCGGGACAGGGACGGGAAGTTGGAAACACCATATATTTT	CASSVGPGQGREVGNTIYF	TRBV9	TRBJ1-3
TGTGCCAATTCAGGGGAAGGGGGCTTC	CANSGEGGF	TRBV13	TRBJ2-7
TGTGCCAGCACAGAACGGACAACTGAGCAGTTCTTC	CASTERTTEQFF	TRBV27	TRBJ2-1
TGCAGTGCGGGTGACCCTCGATACTACGAGCAGTACTTC	CSAGDPRYYEQYF	TRBV20-1	TRBJ2-7
TGTGCCTGGAGATTCTTCCACGGGGAGCTAGGGAATCGCGAGCAGTACTTC	CAWRFFHGELGNREQYF	TRBV30	TRBJ2-7
TGTGCCAGCAGGAGATTCCGCCTAGGGGACTCTGGGGCCAACGTCCTGACTTTC	CASRRFRLGDSGANVLTF	TRBV7-9	TRBJ2-6
TGTGCTAGTGGTTGGGCAAGGACCCACGGGCCTTGGGAGACCCAGTACTTC	CASGWARTHGPWETQYF	TRBV12-5	TRBJ2-5
TGTGCCATCCAGGAGGATTCCGGGGAGCTGTTTTTT	CAIQEDSGELFF	TRBV10-3	TRBJ2-2
TGTGCCAGCAGTGCGGGGGGGGCAGGCCAGTACTTC	CASSAGGAGQYF	TRBV2	TRBJ2-5
TGTGCCAGCAGCGCTAACGGGGGGACTGGGGCCAACGTCCTGACTTTC	CASSANGGTGANVLTF	TRBV13	TRBJ2-6
TGTGCCAGTAGTATCAGCGACAGGGGGGACGATGAAGCTTTCTTT	CASSISDRGDDEAFF	TRBV19	TRBJ1-1
TGTGCCAGCAGCTGGGACCATGTCGCTAGCACAGATACGCAGTATTTT	CASSWDHVASTDTQYF	TRBV7-9	TRBJ2-3
TGTGCCTGCCCCGGGACAGCCTTC	CACPGTAF	TRBV6-1	TRBJ2-7
TGTGCCAGCAGCTTAAATGAGCCAGGAACCGACTATGGCTACACCTTC	CASSLNEPGTDYGYTF	TRBV5-5	TRBJ1-2
TGTGCCAGCAGCTTAGTCTGGGACAGGGTCCCATATTCCTACGAGCAGTACTTC	CASSLVWDRVPYSYEQYF	TRBV11-3	TRBJ2-7
TGCGCCAGCAGCTTTCGGCATACCTACGAGCAGTACTTC	CASSFRHTYEQYF	TRBV5-1	TRBJ2-7
TGCAGCGTTTATAACTATGGCTACACCTTC	CSVYNYGYTF	TRBV29-1	TRBJ1-2
TGTGCCAGCAGTTTCGCCAATACTAGCGGGCCGACCACCGGGGAGCTGTTTTTT	CASSFANTSGPTTGELFF	TRBV28	TRBJ2-2
TGTGCCAGCAGTTACTCGGAGATATCAGGGGTGCAGCCCCAGCATTTT	CASSYSEISGVQPQHF	TRBV6-2	TRBJ1-5
TGCGCCAGCAGCCGCGGTGGCACTGAAGCTTTCTTT	CASSRGGTEAFF	TRBV4-1	TRBJ1-1
TGCAGTGCTAGCCCCGGAGGGTCCTACGAGCAGTACTTC	CSASPGGSYEQYF	TRBV20-1	TRBJ2-7
TGCGCCAGCAGTCTACTTTACTGGGCCTCTGGAAACACCATATATTTT	CASSLLYWASGNTIYF	TRBV10-1	TRBJ1-3
TGTGCCAGTTCGCCGGGACAGGGAACTGAAGCTTTCTTT	CASSPGQGTEAFF	TRBV27	TRBJ1-1
